{
    "source": "en_US",
    "target": "ko_KR",
    "text": "Confirming Your Recent Billing Transaction\nThis email confirms that you are no longer enrolled in Auto Pay. Your card will no longer be charged automatically.\nBelow you will find your upcoming payments:\n10/27/2024 - $307.27\n11/27/2024 - $607.55\n12/27/2024 - $306.16\n01/27/2025 - $303.15\nIf you wish to re-enroll in Auto Pay, simply log in.\nLog In\nThank you for insuring with GEICO.\nSincerely,\nYour GEICO Service Team",
    "trans": "최근 결제 거래 확인\n이 이메일은 오토 페이 해지가 완료되었음을 확인하는 메일입니다. 앞으로 귀하의 카드로 자동 결제가 이루어지지 않을 예정입니다.\n아래는 귀하의 다음 결제 일정입니다:\n2024년 10월 27일 - 307.27달러\n2024년 11월 27일 - 607.55달러\n2024년 12월 27일 - 306.16달러\n2025년 1월 27일 - 303.15달러\n오토 페이를 다시 등록하시려면 로그인해주세요.\n로그인\n가이코의 보험을 이용해 주셔서 감사합니다.\n진심을 담가,\n가이코 서비스팀"
}